 1
 1
 1
 1
 1
 2
 1
 1
 1
 1
 1
 6
ߺ 1
 4
 1
 1
ߪ 1
ߡ 1
 1
 1
 1
 1
 1
 1
ʢ 17
Ʊ 13
 1
 1
 2
 7
 1
 1
 30
 2
 28
 2
 4
 2
 5
 1
 4
 19
 1
 39
 12
 5
 51
 4
 2
 13
 3
 3
 2
 1
 1
 7
 5
 1
 2
 2
 13
 1
 28
 3
 2
 12
 18
 2
 3
 10
 3
 3
 1
 1
 5
 18
 49
 6
 29
 1
 4
 1
 36
 205
 8
 3
 46
 4
 9
 4
 1
 25
 1
 1
 29
 1
 3
 1
ο 2
 1
ε 1
 5
 1
ѱ 1
Ѱ 11
ѳ 2
Ѳ 3
ѵ 10
Ѵ 3
ѷ 3
Ѷ 15
ѹ 15
Ѹ 2
Ѻ 4
ѽ 1
Ѽ 2
ѿ 1
ѡ 30
ѧ 90
Ѧ 1
ѩ 21
Ѩ 1
ѫ 5
Ѫ 13
ѭ 5
ѯ 8
Ѯ 3
 20
 8
 3
 18
 3
 20
 19
 5
 1
 8
 1
 3
 2
 2
 1
 2
 2
 1
 14
 1
 2
 2
 2
 21
 11
 18
 12
 4
 3
 16
 5
 1
 10
 15
 1
 27
 1
 1
 4
 9
 1
 11
 2
 76
 1
 1
 2
 8
 26
 8
 1
 1
ë 12
ê 1
é 3
è 3
ï 4
ì 2
ã 1
â 1
æ 4
ä 3
û 6
ú 7
ù 1
 2
ÿ 4
þ 1
ý 4
ü 2
ó 25
ò 4
ñ 4
ð 2
÷ 14
ö 1
ô 6
 8
 21
 2
 2
 7
 5
 4
 1
 42
 49
 1
 39
 4
 1
 12
 1
 12
 19
 1
 34
 2
 1
 4
 2
 2
 2
 1
 2
 3
 1
 2
 12
 2
 3
 61
 3
 56
 3
 5
 2
 16
 1
 68
 8
 68
 4
 6
 7
 67
 12
 1
 30
 9
 27
 51
 3
 1
 1
 3
 14
 2
 17
 11
 20
 12
 9
 6
 4
 1
Ͼ 2
 12
 2
 10
 5
 2
 1
 8
 10
 2
 2
 5
 3
 1
 3
 7
 1
 84
 3
̧ 1
̥ 5
 5
̮ 2
̯ 8
̬ 9
̭ 2
 3
̫ 17
̨ 47
̩ 14
̶ 1
̷ 5
̲ 4
̳ 9
̰ 2
̾ 2
̿ 2
̼ 3
̽ 11
̺ 4
̸ 24
̹ 14
 1
 1
 1
 7
 2
 10
 5
 10
 125
 3
 48
 20
 2
 14
 23
 6
 4
 10
 21
 19
 12
 23
 18
 4
 20
 16
 17
 3
 2
 65
 45
 79
 3
 2
 1
 8
 1
 5
 12
 37
 1
 7
 1
 2
 1
 1
 11
 13
 86
 2
 1
 432
 8
 9
 2
 1
 61
 2
 1
 2
 1
 9
 24
 8
 1
 1
 2
 4
 6
 1
 5
 3
 1
 2
 24
 65
 27
 3
 11
 8
 14
 14
 13
 3
 5
 1
 28
 42
 2
 59
 4
 22
 5
 8
 4
 7
 16
 3
 1
 36
 10
 15
 1
 300
 15
 1
 1
 1
 1
 1
 1
 2
 1
 1
 1
 1
 1
 1
 1
 2
 1
 1
 1
 2
 1
 1
 1
 1
 1
 1
 1
CD 1
ۡ 1
 2
 1
 2
ic 1
 1
 3
 1
 63
 1
 2
 1
 18
 1
 5
 5
 8
 27
 2
 1
 1
 50
 16
 1
 1
 2
 1
 1
 21
 5
 5
 4
 4
 3
 24
 3
 4
 9
 4
 730
 6
 20
 4
 32
 1
 16
 1
 304
 1
 2
 58
 1
 1
 4
 1
 1
 5
 7
 2
 2
 27
 4
 22
 4
 17
 1
 6
 15
 25
 1
 9
 8
 3
 35
 1
 2
 3
 1
ͥ 8
ͧ 3
ͦ 3
͡ 1
ͣ 21
 22
ͭ 9
ͬ 54
ͯ 4
ͨ 72
͵ 8
ʹ 14
ͷ 50
Ͷ 35
Ͱ 3
ͳ 22
ͽ 3
ͼ 35
Ϳ 4
; 9
͹ 2
͸ 7
ͻ 9
֢ 2
֣ 8
֤ 36
֥ 2
֦ 5
֧ 23
֪ 17
֫ 3
֭ 4
֮ 295
֯ 15
ְ 29
ֱ 19
ֲ 11
ֳ 4
ִ 9
ֵ 28
ַ 7
ָ 26
ֹ 15
ֺ 1
ֻ 5
ּ 2
ֽ 12
־ 30
ֿ 1
 18
 24
 19
 11
 2
 1
 74
 77
 9
 2
 19
 3
 1
 4
 31
 15
 40
 3
 17
 6
 4
 3
 28
 336
 68
 7
 17
 30
 25
 40
 18
 6
 45
 2
 24
 32
 1
 1
 1
 4
 12
 6
 17
 1
 21
 7
 4
 6
 1
 9
 25
 1
 87
 12
 4
 29
 9
 1
 3
 7
 5
 5
 1
 1
 14
 2
 16
 5
 16
 10
 7
 1
 16
 1
 3
 135
 11
 168
 31
 17
 37
 21
 3
 1
 13
 10
 2
 2
 1
 25
 1
 4
 28
 29
 7
 55
 83
 390
 9
 5
 11
 3
 2
 1
 5
 10
 6
 75
 21
 10
 78
 2
 45
 8
 5
 54
 2
 1
 36
 3
 9
 1
 17
 1
 10
 1
 2
 13
 22
 1
 2
 1
 3
 6
 4
 2
 80
 42
 3
 2
 1
 1
 1
 5
Ⱥ 17
Ȼ 40
ȸ 2
Ⱦ 6
ȼ 8
Ȱ 3
ȱ 12
ȷ 14
ȴ 3
ȵ 1
Ȫ 9
ȫ 47
Ȩ 56
Ȯ 6
ȯ 8
ȭ 11
ȡ 35
Ȧ 3
Ȥ 2
ȥ 19
 5
 3
 5
 17
 9
 1
 1
 13
 3
 15
 16
 1
 7
 20
 97
 7
 22
 1
 3
 14
 1
 1
 47
 2
 5
 1
 2
 7
 28
 2
 4
 7
 3
 11
 8
 19
 4
 1
 2
 1
 4
 15
 15
 38
 2
 5
 2
 33
 31
 24
 1
 6
 2
 17
 10
 2
 3
 2
 7
 4
 4
 1
 2
 23
 1
 2
 10
 1
 10
 7
 2
 9
 13
 45
 62
 26
 13
 75
 1
 15
 24
 9
 20
 7
 6
 5
 2
 39
 4
 2
 60
 11
 3
 10
 25
 10
 58
 7
 5
 24
 11
 4
 38
 2
 1
 2
 1
 1
 2
 1
 1
 1
 1
 1
 1
 1
 1
 2
 1
 19
 3
 8
 2
 2
 2
 1
 77
 2
 7
 20
 1
 62
 73
 7
 23
 1
 6
 56
 6
 8
 3
 12
 22
 1
 30
 9
 1
 5
 11
 26
 1
 2
 2
 3
 45
 7
 62
 10
 2
 6
RA 2
 3
 4
 12
 2
 1
 1
 1
 1
צ 1
ץ 7
פ 18
ף 9
ע 14
ס 22
ׯ 8
׮ 1
׬ 3
׫ 2
ת 53
ש 1
ר 31
׷ 9
׵ 2
״ 8
׳ 8
ײ 6
ױ 1
װ 32
׿ 7
׾ 1
׼ 23
׹ 1
en 1
et 1
 1
 2
 17
 5
 3
 2
 25
 1
 26
 6
 20
 3
 4
 34
 21
 3
 1
 2
 51
 4
 13
 5
 2
 1
 31
 3
 4
 53
 14
 2
 24
 1
 10
 5
 1
 1
 1
 1
 2
 1
 444
 6
 13
 14
 10
 17
 24
 5
 1
 1
 1
 1
 16
 11
ҵ 143
Ҷ 20
Ұ 12
ұ 5
Ҳ 5
ҳ 3
ҽ 19
ҹ 8
Һ 6
һ 612
Ҥ 1
ҥ 1
Ҧ 2
ҧ 1
ҡ 7
ң 4
ҭ 1
Ү 9
ҩ 19
Ҫ 19
ҫ 9
16 1
ġ 1
 5
 5
 69
 10
 2
 4
 130
 86
 1
 100
 156
 235
 294
 91
 98
 108
 88
 1
 4
 1
 2
 1
 5
 6
 2
 3
 6
 2
 2
 3
 1
 3
 6
 2
 2
 8
D- 2
 4
 8
 13
 2
 13
 12
 12
 5
 1
 11
 4
 2
 6
 4
 8
 4
 4
 1
 8
 6
 3
 1
ɸ 1
ɽ 75
ɼ 2
ɾ 1
ɱ 13
ɰ 3
ɳ 18
ɴ 3
ɨ 5
ɫ 30
ɪ 1
ɭ 17
ɣ 11
ɢ 14
ɥ 3
ɧ 1
 20
 2
 5
 1
 7
 5
 2
 1
 15
 4
 84
 109
 2
 2
 1
 6
 1
 3
 10
 24
 101
 22
 2
 1
 12
 1
 23
 7
 5
 2
 33
 13
 33
 6
 1
 30
 11
 1
 5
 1
 14
 30
 9
 3
 6
Ӿ 1
 1
 21
 1
͢ 4
 11
 2
 4
 1
 2
 1
 2
 6
 10
 1
 13
 4
 2
 1
 2
 90
 25
 35
 22
 3
 46
 34
 1
 15
 49
 1
 8
 7
 3
 8
 33
 3
 38
 1
 57
 2
 1
 28
 2
 1
 10
 4
 2
 9
 34
 13
 3
 1
 1
 180
 2
 2
 8
 4
 39
 11
 44
 7
 2
 13
 19
 26
 3
 1
 36
 1
 2
 2
 1
 3
 1
 2
 3
 11
 12
 1
 15
 18
 12
 6
 3
 18
 11
 16
 2
 9
 6
 17
 6
 16
 17
 62
 49
 96
 17
 15
 11
Į 1
į 2
Ĭ 11
Ī 16
ī 5
ĩ 6
Ħ 8
Ĥ 2
Ģ 1
ģ 12
 1
ľ 33
Ŀ 26
ļ 4
Ľ 3
Ļ 11
ĸ 10
Ĺ 2
Ķ 1
ķ 8
ĵ 1
ĳ 2
 2
ı 11
 13
 1
 18
 2
 3
 60
 13
 2
 71
 13
 11
 1
 67
 3
 4
 10
 8
 1
 2
 1
 19
 9
 14
 226
 8
 2
 2
 1
 10
 53
 6
 1
 2
 2
 11
 26
 16
 4
 126
 454
 18
 15
 2
 4
 13
 3
 1
 46
 12
 13
 11
 1
 14
 13
 3
 6
 84
 42
 5
 8
 13
 2
 6
 11
 1
 1
 3
 1
 1
 1
 1
 1
 2
 2
 1
 1
 1
 9
 1
 1
 2
 1
 1
 1
 1
 1
 1
 1
 4
 1
 2
 1
 124
 1
 1
 1
 12
 1
 15
ӻ 1
 3
ӹ 1
ӿ 6
 1
ӽ 2
 2
ӳ 5
Ӳ 6
ӱ 2
Ӱ 14
ӷ 1
Ӷ 2
ӵ 4
Ӫ 35
ӯ 7
Ӯ 6
ӭ 6
 4
ӣ 1
Ӣ 31
ӡ 18
Ӧ 29
ӥ 1
Ӥ 3
 3
 4
 26
ܼ 2
 47
 13
 26
 10
 2
 5
 4
 2
 7
 20
 3
 11
 14
 3
 2
 7
 1
 3
 11
 11
 2
 11
 15
 10
 4
 11
 2
 2
 40
 11
 4
 3
 2
 92
 2
 1
 1
 1
 2
 1
 2
 6
 16
 110
 5
 1
 2
 16
 13
 8
 32
 35
 1
 77
 5
 19
 9
 10
 17
 21
 1
 7
 20
 2
 6
 7
 1
 2
 3
 24
 6
 1
 2
 1
 4
 1
 7
 25
 6
 1
 11
 1
 2
 28
 7
 1
 16
 3
 3
 1
 8
 4
 1
 13
 2
 1
 2
 2
 57
 1
 2
 15
 2
 17
 384
 11
 2
 10
 4
 1
 1
 1
 51
 1
 8
 2
 1
 4
 91
 15
 2
 15
 1
 2
 1
 1
 16
 17
 2
 75
 14
 1
 1
 16
 9
 15
 57
 3
 2
 3
 1
 2
 7
 2
Ψ 4
Ω 1
Ϊ 68
ά 32
ή 1
ί 50
Ρ 2
΢ 18
Σ 14
Τ 8
Υ 9
Χ 12
θ 2
ι 2
 1
λ 30
ν 2
 2
ΰ 7
α 6
β 4
δ 8
 28
ζ 6
η 2
 2
 1
 1
 5
EG 1
 2
 1
 1
 2
 6
 1
 7
 3
 2
 1
 2
 3
 5
 5
 2
 1
 81
 1
 1
 3
 15
 2
 1
 137
 1
 1
 2
 1
 2
 1
 7
ŭ 3
Ŭ 6
ů 3
Ů 21
ũ 28
Ũ 4
Ū 2
Ť 3
Ŧ 9
ţ 5
 22
ż 4
Ÿ 1
ź 5
ŵ 16
ŷ 15
 8
ű 2
Ű 1
Ų 2
 23
 1
 2
 19
 2
 4
 22
 5
 1
 22
 5
 4
 3
 1
 8
 1
 1
 3
 8
 1
 1
 14
 1
 1
 4
 2
 5
 1
 3
 10
 23
 4
 2
 1
 13
 2
 5
 2
 2
 1
 1
 1
 15
 3
 5
 1
 3
 2
 4
 2
 2
 2
 6
 58
 5
 2
 1
 1
 1
 1
 40
 3
 7
 4
 2
 15
 16
 1
 2
 10
 1
 7
 2
 29
 2
 20
 5
 40
 44
 1
 11
 17
 1
 2
 3
 1
 12
 4
 29
 11
 39
 10
 18
 2
 12
 32
 10
 20
 6
 39
 55
 15
 59
 7
 332
 1
 14
 12
 5
 33
 1
 16
 109
 4
 6
 4
 1
 1
 14
 2
 3
 3
 7
 98
 7
 3
 2
 1
 110
 4
 14
 9
 33
 1
 7
 13
 21
 66
 4
 4
 5
 11
 3
 1
 11
 2
 10
 5
 2
 10
 1
 93
 13
 3
 7
 60
 4
 3
IM 1
 4
 3
 4
 41
 4
 47
 6
 2
 1
 5
 4
 4
 1
 1
 1
 2
 46
 22
 107
 19
 1
 112
 10
 10
 20
 14
 3
 1
 13
 34
 24
 7
 3
 1
 7
 3
 12
 5
 1
 2
 16
 10
 13
 7
 1
 15
 8
 21
 2
 3
 3
 9
 4
 7
 22
 1
 15
 13
 11
 1
 5
 9
 28
 21
 1
 1
 11
 72
 1
 2
 2
 3
 8
 13
 19
 20
 18
 3
 34
 1
 1
 4
 1
 1
 1
 1
 4
 1
5 1
 5
 1
 1
 1
 13
 1
 1
 1
 1
ݷ 2
 1
ݼ 1
 1
 13
ݸ 1
 1
 1
 38
ϯ 16
Ϯ 5
 1
ϩ 3
Ϩ 2
ϧ 4
Ϧ 2
ϥ 1
Ϥ 5
ϣ 14
Ϣ 21
ϡ 4
 1
Ͽ 8
κ 1
Ͻ 4
ϼ 4
ϻ 1
Ϻ 1
Ϲ 1
ϸ 14
Ϸ 11
ϵ 19
ϴ 2
ϲ 11
ϰ 6
 3
ة 1
 8
 1
إ 1
 4
ز 1
 2
ذ 1
 2
 11
 7
 10
 18
 6
 10
 2
 22
 3
 2
 12
 8
 2
 2
 49
 10
 1
 21
 32
 1
 4
 4
 19
 35
 9
 2
 6
 1
 1
 7
 9
 2
 31
 2
 2
 8
 7
 88
 3
 2
 46
 18
 5
 6
 1
 30
 10
 36
 19
 13
 3
 2
 1
 2
 1
 1
Mb 1
 35
 1
 1
 2
 13
 7
 8
 18
 13
 47
 52
 25
 112
 17
 30
 4
 1
 4
 10
 2
 5
 3
 22
 28
 34
 1
 67
 42
 1
 4
 1
 1
 19
 19
 9
 7
 20
 2
 1
 5
 1
 2
 50
 1
 24
 3
 2
 3
 2
 1
 2
 1
 1
ʼ 16
ʽ 30
ʾ 18
ʿ 30
ʹ 20
ʻ 4
ʴ 1
ʵ 62
ʶ 13
ʷ 22
ʰ 1
ʱ 65
ʲ 7
ʳ 13
ʬ 1
ʮ 851
ʯ 40
ʨ 2
ʩ 13
ʫ 3
ʤ 16
ʥ 15
ʦ 22
ʧ 22
ʡ 55
 1
ʣ 5
 1
 2
 1
 8
 1
 3
 1
 4
 2
 1
 1
 1
 1
 1
 1
 1
 7
 1
 4
 4
 1
 1
OE 1
 2
 7
 3
 3
 3
 2
 48
 1
 2
 3
 87
 2
 49
 38
 9
 6
 3
 1
 2
 9
 5
 1
 6
 4
 24
 19
 72
 1
 5
 4
 7
 7
 9
 23
 3
 3
 26
 4
 13
 2
 1
 3
 59
 14
 8
 1
 1
 73
 2
 1
 3
 9
 2
 5
 12
 3
 31
 19
 1
 28
 16
 52
 1
 311
 4
 2
 30
 1
 1
 1
ur 1
 39
 5
 9
 5
 6
 1
 17
 17
 15
 18
 23
 5
 22
 10
 6
 4
 3
 92
 13
 9
 4
 37
 9
 39
 8
 4
 25
 13
 2
 4
 1
 2
 1
 5
 16
 1
 3
. 3
 149
 18
 1
 1
 2
 4
 1
 16
 1
 3
 2
 4
 2
 4
 11
 9
 2
 1
 1
 26
 10
 2
 1
 1
 21
 2
 2
 18
 7
 1
 8
 1
 18
 1
 8
 16
 15
 2
 17
 2
 5
 1
 4
 6
 4
 97
 94
 2
 9
 6
 1
 10
 5
 10
 38
 48
 16
 31
 11
 9
 4
 12
 14
 5
 23
 36
 2
 11
 20
 63
 2
 5
 106
 4
 3
 3
 1
 12
 1
 7
 10
 2
 6
 2
 4
 1
 5
 6
 7
 20
 1
 2
 3
 23
 1
 6
 55
 2
 1
 4
 1
 2
 13
 54
 4
 7
 4
 1
 3
 1
 3
 5
 2
 5
 5
 12
 1
 1
 3
٪ 1
 1
 1
30 1
٤ 1
ٸ 1
ٻ 1
 4
 1
ˢ 2
ˡ 1
˧ 2
 1
˥ 4
ˤ 2
˫ 19
˪ 1
ˮ 85
˭ 1
˳ 11
˲ 2
˰ 33
˶ 3
˵ 20
˺ 1
˹ 125
˿ 11
˾ 31
˽ 8
˼ 20
 1
 17
 1
 4
 6
 1
 13
 2
 2
 1
 4
 3
 11
 1
 1
 2
 1
 11
 24
 1
 9
 1
 4
 3
 38
 4
 28
 2
 3
 4
 3
 12
 1
 8
 1
 322
 1
 27
 2
 6
 23
 3
 2
 4
 2
 2
 21
 18
 13
 12
 2
 1
 4
 1
 2
 10
 9
 6
 39
¸ 1
 3
 15
 4
 15
 4
 1
 32
 1
 18
 3
 4
 1
 12
 7
 26
 12
 10
 13
 2
 3
 7
 2
 1
 1
 67
 1
 16
 5
 1
 55
 1
 5
 5
Ծ 6
Կ 1
Լ 33
Խ 11
Ժ 28
Ի 1
Ը 17
Թ 2
Զ 31
Է 1
Դ 23
Ե 9
Բ 9
԰ 24
Ա 52
Ԯ 13
Ԭ 2
ԭ 39
Ԫ 25
Ԩ 1
ԩ 1
Ԧ 1
Ԥ 28
ԥ 1
Ԣ 2
ԣ 6
TC 1
 10
 22
 3
 4
 18
 85
 9
 10
 1
 27
 60
 3
 66
 7
 265
 24
 5
 44
 2
 26
 5
 25
 29
 9
 3
 1
 4
 12
 12
 1
 6
 52
 1
 7
 13
 10
 4
 41
 7
 43
 14
 2
 8
 6
 10
 1
 30
 6
 5
 11
 19
 11
 22
 3
 1
 39
 10
 13
 12
 1
 1
 3
 19
 17
 1
 7
 4
 4
 2
 1
 5
 3
 71
 3
 6
 1
 14
 5
 5
 3
 54
 5
 2
 6
 3
 63
 17
 4
 9
Ʋ 2
ƴ 2
Ƶ 9
ƶ 7
Ʒ 45
Ƹ 5
ƹ 1
 1
 23
Ƽ 1
ƽ 52
ƾ 3
ƿ 7
ơ 1
ƣ 3
Ƥ 11
ƥ 3
Ƨ 1
Ʃ 1
ƪ 7
ƫ 5
Ƭ 12
ƭ 5
Ʈ 3
 1
 2
 1
 1
 6
 2
 20
 1
 1
 42
 1
 9
 1
 1
 2
 28
 3
 25
 24
 1
 3
 11
 1
 1
 3
 1
 1
 10
 88
 1
 1
 1
 1
 3
 4
 2
 1
 14
 1
 1
 52
 3
 2
 1
 3
 1
 1
 2
 3
 2
 2
 1
 1
 30
 1
 1
 1
 1
 1
 1
 2
 1
 4
 3
 36
 1
 5
 1
 2
 2
 1
 3
 2
 1
 1
 4
 13
 1
 2
 1
 2
 16
 3
 2
 31
 7
 3
 1
 1
 7
 23
 22
 4
 3
 4
 1
 7
 5
 4
 6
 45
 13
 2
 29
 3
PV 1
PT 1
 6
 1
 11
 1
 24
 1
 7
 1
 5
 1
 24
 19
 4
 5
 7
 6
 25
 16
 13
 1
 2
 54
 11
 7
 6
 4
 6
 4
 1
 25
 6
 4
 1
 3
 4
 21
 5
 24
 8
 4
 63
 5
 89
 4
 2
 1
 8
 24
 1
 16
 6
 6
 11
 136
 2
 1
 2
 1
 2
 1
 3
 1
 2
 2
 12
at 1
ս 44
ռ 17
տ 3
վ 24
չ 32
ո 1
ջ 1
մ 1
ն 3
ճ 1
ղ 2
խ 3
լ 3
կ 5
ծ 17
թ 1
ը 9
ժ 3
է 2
բ 3
޹ 1
 41
 60
 18
 20
 2
 1
 14
 14
 5
 11
 15
 4
 5
 1
 3
 8
 19
 1
 4
 8
 3
 68
 1
 8
 4
 13
 18
 6
 4
 2
 18
 5
 4
 1
 7
 1
 1
 8
 41
 3
 6
 4
 1
 1
 13
 2
Ƿ 7
Ƕ 2
Ǵ 1
ǳ 1
ǲ 4
Ǳ 5
ǰ 55
ǿ 28
ǽ 4
ǻ 3
ǹ 4
Ǹ 2
ǧ 272
Ǧ 3
 8
ǣ 5
Ǣ 6
ǡ 2
Ǯ 11
ǭ 2
Ǭ 3
ǫ 1
ǩ 16
Ǩ 11
 21
 9
 6
 1
 3
 1
 22
 2
 1
 1
 7
 3
 2
 9
 3
 23
 3
 3
 11
 1
 1
 1
 2
 13
 9
 1
 28
 39
 1
 2
 5
 2
 3
 23
 96
 1
 1
 35
 4
 7
 1
 18
 26
 6
 4
 4
 20
 14
ƺ 2
 28
 1
 13
 4
 4
 3
 3
 1
 13
 15
 1
 3
 2
 4
 1
 1
 4
 5
 9
 6
 8
 3
 7
 12
 14
 1
 105
 4
 3
 4
 121
 3
 1
 15
 1
 1
 28
 4
 13
 79
 4
 9
 28
 75
 46
 29
 24
 10
 37
в 3
г 1
б 3
ж 4
з 1
д 12
е 5
к 2
л 12
и 3
й 1
о 1
п 1
 1
н 6
Т 3
У 14
С 51
Ц 5
Ч 25
Ф 2
Х 1
Ш 1
Щ 11
Ю 2
Я 4
Ь 3
Э 24
Ư 3
 22
 4
 6
 6
 11
 22
 8
 1
 32
 33
 2
 11
 54
 21
 12
 3
 17
 145
 29
 2
 7
 27
 5
 3
 10
 1
 3
 1
 8
 31
 7
 16
 4
 5
 9
 3
 3
 1
 8
 4
 3
 33
 8
 8
 9
 10
 9
 36
 9
 16
 36
 16
 10
 12
 7
 5
 8
 2
 20
 4
 14
 71
 1
 2
 1
 1
 13
 102
 14
 11
 3
 25
 1
 4
 7
 3
 1
 24
 3
 2
 2
¤ 1
¥ 10
¡ 15
¢ 2
£ 1
¬ 12
¯ 4
© 1
« 3
´ 1
¶ 12
· 46
± 1
³ 21
¼ 14
½ 18
 1
¹ 2
» 1
 1
 1
 1
 1
 1
 1
 1
 2
 1
 1
