0.238230195786 3.80276204887 1
1.9329554518 7.98162641542 1
2.62965263387 9.30325766711 1
3.36507683596 9.92979703946 1
4.18278043455 6.91940776718 1
5.58778455882 13.7880033307 1
6.20195474491 10.0653826904 1
7.8265312721 14.0069446575 1
8.08688402069 11.8805310103 1
9.90393560459 14.7145008383 1
10.7999667807 14.5830541367 1
11.6374900179 17.9895695645 1
12.1539411677 14.5913827121 1
13.71829436 21.3306148511 1
14.4650603876 16.9213811277 1
15.9471129542 18.7938310332 1
16.3958458227 24.3130546671 1
17.3945964453 20.7973897381 1
18.2080847267 23.062495658 1
19.5027324874 25.5764984677 1
20.3982432644 29.1867219447 1
21.4450928475 27.4101883792 1
22.7257768368 24.0243166775 1
23.4691716327 30.5432913339 1
24.0052735838 30.2110787119 1
25.4121370845 32.5964455476 1
26.327846128 30.3299951327 1
27.7019031929 35.8175632609 1
28.093333668 34.7474068334 1
29.2963505834 33.8112554603 1
30.159850119 32.8162233334 1
31.1009432097 37.3869021982 1
32.2225170596 40.8796718578 1
33.8428224951 36.8963536508 1
34.0838394264 42.9747987735 1
35.0265724658 38.7187762644 1
36.6773705945 38.5376514027 1
37.7486006957 39.1607607303 1
38.0999820338 44.4358359874 1
39.5599824274 46.7106546345 1
40.2225311039 43.2670460032 1
41.581206175 47.9990084178 1
42.6476043694 46.4518171517 1
43.6373612226 51.5627641193 1
44.1860708353 53.8855139507 1
45.4988936673 48.2454541428 1
46.4337513369 54.9489401432 1
47.0275966063 49.3623321692 1
48.0849876996 54.189062083 1
49.5635519193 53.344038754 1
50.7851914704 52.5616129428 1
51.4118169905 55.5356768712 1
52.1779318837 56.7877020456 1
53.6061644562 62.3178730034 1
54.6312320816 63.2394975205 1
55.4862466992 61.8462139971 1
56.8787949398 62.5158682897 1
57.3736613223 62.6327770767 1
58.8956012786 67.092969498 1
59.7406245621 63.3959560047 1
60.1047421474 69.3254902214 1
61.0111628355 68.7018650144 1
62.1617983852 68.3933575281 1
63.254138729 68.1618842389 1
64.6999134864 69.9852661736 1
65.4523799058 68.8533913306 1
66.1331099397 73.7560650493 1
67.606937556 76.9848636851 1
68.6693811816 76.9363232601 1
69.570019184 77.6065316706 1
70.5718296918 72.9142563083 1
71.6971512141 75.4048254683 1
72.5337746009 79.6363155883 1
73.4367415657 80.0493129907 1
74.8638681783 78.5527186456 1
75.9183277023 80.9794695059 1
76.3155233603 81.4702037964 1
77.31374943 80.2537593285 1
78.8002809536 80.0607949999 1
79.2145557849 88.8989507788 1
80.7974522195 83.8602450669 1
81.3139809268 83.0589860042 1
82.2405759185 85.9257113908 1
83.1040995642 90.9427722396 1
84.9646409228 90.5891743771 1
85.2951724071 89.7614947503 1
86.7607966776 91.9448129401 1
87.5902827629 93.127623025 1
88.6106013579 94.7234898702 1
89.144296673 94.6129384886 1
90.8317850235 96.3339363575 1
91.0313067059 98.9326058995 1
92.1888753588 101.843935368 1
93.8970000656 97.0879476883 1
94.555942916 98.9180704094 1
95.0536380601 103.684969724 1
96.7714648345 104.247542067 1
97.159160258 106.118065697 1
98.661264538 106.135586757 1
99.4730963002 107.303727026 1
0.26353989124 -7.27656440433 -1
1.22491079439 -8.62861218643 -1
2.78514274123 -6.24739466674 -1
3.0208897532 -4.15971162451 -1
4.48740927799 -2.98155420815 -1
5.27003072415 1.08885794545 -1
6.40486121545 -0.0100591763311 -1
7.58568771167 4.32473616844 -1
8.71314700823 -1.33595419817 -1
9.3894944526 -0.015724837831 -1
10.3325761468 5.78087002852 -1
11.0479010344 7.89538883362 -1
12.629491916 9.57493516859 -1
13.250560749 8.04925913392 -1
14.4385564314 8.85602694009 -1
15.4921800574 6.96712425995 -1
16.1808276384 11.0407494136 -1
17.8292053216 10.5282107866 -1
18.4444463443 11.6268431318 -1
19.3960862208 16.9186952711 -1
20.260076899 11.4086893046 -1
21.6125690041 18.3196706102 -1
22.59212581 13.0177286276 -1
23.2305840415 20.5301809206 -1
24.9706255363 18.1139039256 -1
25.1221616732 20.9221568267 -1
26.3517066318 23.6660044989 -1
27.6742480128 18.6243241967 -1
28.0337579775 21.2632888958 -1
29.1889815775 25.1034621132 -1
30.7757529167 20.1277713552 -1
31.8143634043 21.3496820256 -1
32.4098814145 27.9656405901 -1
33.0190474082 24.8289241914 -1
34.9647560204 24.0397584199 -1
35.1363934398 31.8236957267 -1
36.1495468194 28.9121540999 -1
37.7288813327 29.1469005295 -1
38.6014468519 29.7379465387 -1
39.2162237858 32.7361108755 -1
40.9417439836 37.2524332633 -1
41.7503674314 31.4102620392 -1
42.3748114935 33.9936970854 -1
43.3315172428 40.6899498832 -1
44.3179140747 41.1034623573 -1
45.5954091712 36.9317131151 -1
46.8916184935 40.4860922662 -1
47.192592225 42.9647994808 -1
48.7872222235 45.7101533107 -1
49.2532689324 44.3308657762 -1
50.6653120421 46.0181732729 -1
51.7860445467 45.8324441528 -1
52.7789424925 48.3941055944 -1
53.7073521021 50.2750635743 -1
54.8380711193 50.651026619 -1
55.8972314371 45.9628455759 -1
56.4661657451 49.1748559751 -1
57.4062250953 54.946733538 -1
58.8198194717 53.6269783113 -1
59.2701109194 54.7734102536 -1
60.1607106847 57.9304713346 -1
61.5293617062 57.9897045575 -1
62.9123735641 59.4557995242 -1
63.4613735246 55.7710832759 -1
64.5229775582 56.9217075463 -1
65.1599911031 56.4077217028 -1
66.3953522881 63.5611797946 -1
67.922399869 61.4783118212 -1
68.4832706508 60.3956363867 -1
69.3103069395 62.0137586521 -1
70.2799015269 67.0087999235 -1
71.1357731545 63.2940253671 -1
72.6923466222 66.3610800582 -1
73.3790494683 63.2589929988 -1
74.6525011557 71.2523853 -1
75.1799794111 66.2991896322 -1
76.2733794115 71.0918579865 -1
77.1212422863 73.1211227495 -1
78.0248911638 73.1945394954 -1
79.2088571195 72.3349695138 -1
80.551414044 76.5575924481 -1
81.9187017462 73.9256469244 -1
82.4542409696 73.3889094075 -1
83.3434264804 78.6950896588 -1
84.1630642452 79.5477034361 -1
85.743987205 77.2635292809 -1
86.7924187102 77.8258213726 -1
87.8907870246 79.3601533391 -1
88.613587585 79.4475316974 -1
89.9914401592 85.7607930725 -1
90.2604997346 80.5789316275 -1
91.080491982 84.4780331646 -1
92.4275418533 89.9751974595 -1
93.0038301563 83.7538065248 -1
94.5646111207 85.3453812734 -1
95.9775029738 88.9544461155 -1
96.8002731311 86.8156192495 -1
97.1400870099 90.2281339282 -1
98.0296287238 89.7221346039 -1
99.935885407 96.9049327821 -1
